22.0000 8.4853 8.4853 10.322
21.0538 9.0414 8.0206 35.728
20.8847 11.9699 6.8968 22.225
20.8108 16.0076 6.2162 29.565
21.6681 19.0403 5.5497 7.866
21.2916 17.9894 4.9694 19.308
22.1258 16.9315 4.3649 34.801
4.8959 16.3460 3.8421 8.594
3.7615 15.8299 3.0869 35.957
22.0000 8.4853 8.4853 34.071
21.5507 10.6643 7.2577 16.657
21.0718 12.8444 6.6399 25.970
21.3073 18.4814 5.9408 9.831
20.9014 19.3259 5.3974 28.840
22.2048 17.8648 4.7938 10.862
6.3658 16.9614 4.1672 6.670
5.1452 16.1726 3.5095 28.781
22.0000 8.4853 8.4853 -0.722
21.0003 8.4499 8.5212 -9.890
20.0528 8.0028 9.0653 -24.196
19.4873 7.1334 22.9434 15.234
18.2707 7.3619 23.2511 38.676
17.4683 8.9360 8.1920 -15.998
16.4266 8.2010 23.3947 32.539
15.8605 10.2365 36.5877 19.102
15.3237 12.6496 34.0473 14.747
14.7936 14.9311 32.3826 -24.721
13.2726 12.6823 34.4000 18.902
12.7401 13.2006 32.2206 8.125
11.9692 11.9266 31.1970 36.620
12.4534 10.4833 29.0766 39.381
14.0126 9.6619 28.1371 27.740
15.9156 9.1985 16.4253 -33.967
12.0499 8.5775 26.8055 6.732
11.5094 7.8745 26.1211 36.949
13.9833 7.5294 20.1550 -2.037
12.7393 6.9720 23.5844 34.249
25.7583 6.9369 14.1185 -4.164
25.0061 6.4727 15.9202 -19.765
11.4991 5.8471 23.0368 29.284
22.7818 5.7435 16.0407 -15.658
22.6494 5.1840 20.9231 -26.113
8.1358 4.5850 20.1012 2.527
7.2995 4.0345 19.3111 15.348
20.3772 3.5845 18.9186 -11.334
22.0000 8.4853 8.4853 2.447
21.0030 8.6087 8.3670 30.341
20.4815 10.6173 7.2647 5.627
19.6158 11.4906 6.8934 22.235
19.3816 14.9183 6.2063 24.594
19.6336 18.2330 5.5565 24.285
20.3749 16.8227 4.9480 35.670
39.0408 15.9366 4.4103 -18.949
20.0886 15.3286 3.7318 33.028
4.0899 14.7223 3.1931 21.871
22.0000 8.4853 8.4853 20.608
21.2105 9.6889 7.6415 14.693
20.5216 11.1021 7.0520 9.053
19.7740 12.4710 6.5952 3.088
18.8667 13.3797 6.2388 37.038
19.5654 18.2752 5.4839 15.461
19.5731 16.9583 4.9008 38.201
22.1499 15.8810 4.3614 11.449
37.2476 15.1976 3.6827 -22.342
