22.0000 8.4853 8.4853 0.0000 0.9393 20.064
21.1998 9.6524 7.6596 0.0986 1.7961 30.408
21.0478 12.6914 6.7292 0.3729 2.7354 11.903
20.5301 15.2061 6.1976 0.7183 3.6730 2.317
19.6302 16.5139 5.7818 1.0415 4.5151 25.578
20.0438 18.1653 5.1515 1.4528 5.2491 32.712
21.7546 16.8243 4.5671 2.0237 5.9379 26.536
5.3331 16.0873 3.9826 2.5953 6.4489 39.940
3.9092 16.1433 3.5343 3.4499 6.9310 11.130
22.0000 8.4853 8.4853 0.0000 0.9592 16.415
21.1347 9.4139 7.7864 0.0942 1.9548 0.360
20.1388 9.5860 7.6510 0.1775 2.8159 30.099
19.8747 12.4106 6.7132 0.3936 3.6140 34.224
20.4482 19.4508 5.9311 0.8311 4.5130 1.157
19.5128 18.4573 5.4557 1.1910 5.2398 35.802
21.1495 16.9016 4.8496 1.6727 5.8658 37.825
5.7010 16.1814 4.3399 2.3464 6.4436 27.430
4.2983 15.9793 3.7529 3.0205 6.8614 37.527
22.0000 8.4853 8.4853 -0.0000 0.9797 -11.574
21.0675 7.9701 9.1153 -0.0538 1.7825 -36.422
20.9553 6.8489 23.2868 -0.2985 2.6801 -21.510
15.0448 6.1816 20.9467 -0.6623 3.5684 -16.292
11.5077 5.5926 19.3118 -1.1261 4.4542 -0.874
10.4068 5.0986 18.3547 -1.4956 5.1514 -37.903
7.0453 4.5234 16.9198 -2.1245 5.9077 -10.386
5.6627 3.8775 16.1004 -2.7535 6.5778 -23.210
4.1931 3.2629 15.4999 -3.3889 7.0972 -34.847
22.0000 8.4853 8.4853 0.0000 0.8734 29.138
21.4104 10.2922 7.3846 0.1320 1.6757 35.604
21.7027 14.8041 6.4471 0.4468 2.5165 26.130
22.2706 20.2715 5.7778 0.9070 3.3477 18.187
22.7548 18.9434 5.1724 1.4238 4.0873 25.534
6.6843 17.9215 4.5784 2.0008 4.7016 32.572
4.9723 17.4925 4.0441 2.6535 5.1838 35.750
3.6993 17.8698 3.5561 3.5348 5.5990 13.038
22.0000 8.4853 8.4853 0.0000 0.9811 11.158
21.0628 9.0906 7.9867 0.0619 1.9381 16.456
20.3185 10.3421 7.3291 0.2070 2.8426 23.642
20.0113 13.1346 6.5733 0.4957 3.7988 2.857
19.1111 14.1869 6.1915 0.7713 4.6600 25.280
19.2818 18.3464 5.5321 1.1927 5.5265 15.515
19.2286 16.9742 4.9534 1.6760 6.3291 20.466
19.8174 15.7974 4.3589 2.2877 7.1194 2.102
18.9993 14.9786 3.7368 2.8632 7.8444 22.227
20.2636 14.1566 3.1370 3.4180 8.3860 39.170
22.0000 8.4853 8.4853 0.0000 0.8058 -36.309
21.6195 7.2049 10.8376 -0.1971 1.7848 -3.074
20.6987 6.8875 23.9936 -0.3819 2.6247 -30.680
14.8687 6.0943 21.0175 -0.7129 3.4359 -28.823
10.1338 5.4385 19.0958 -1.2216 4.2677 -12.828
8.1901 4.8421 17.9689 -1.7836 5.0499 -15.599
6.4483 4.2276 16.9950 -2.3984 5.7613 -19.905
4.8967 3.6046 16.2524 -3.1316 6.4367 -4.520
22.0000 8.4853 8.4853 0.0000 0.9106 24.407
21.2923 9.9507 7.5210 0.1090 1.6943 37.698
21.5651 14.2833 6.5172 0.4295 2.5905 17.863
21.5127 19.3056 5.9078 0.8594 3.4900 4.483
20.7816 19.4582 5.4039 1.2901 4.3339 18.660
21.1033 18.0500 4.8122 1.8370 5.1708 1.375
20.2098 17.1667 4.2465 2.3868 5.9977 6.758
19.7470 16.2077 3.6596 2.9713 6.8061 3.957
19.0716 15.3362 3.0570 3.5748 7.6016 3.169
22.0000 8.4853 8.4853 0.0000 0.9987 2.874
21.0042 8.6307 8.3469 0.0136 1.8123 35.548
20.6489 11.0808 7.1273 0.2106 2.7287 20.377
20.3570 14.0654 6.4525 0.5286 3.6629 9.341
19.7631 16.6391 5.9484 0.8931 4.5698 12.180
19.3815 18.4422 5.4034 1.2329 5.2685 39.019
21.2457 16.8555 4.8025 1.8008 5.9943 22.844
39.5492 16.0063 4.1993 2.4895 6.6715 15.026
4.5536 15.3979 3.5264 3.2266 7.2804 17.039
22.0000 8.4853 8.4853 -0.0000 0.9698 14.127
21.1002 9.2702 7.8710 0.0745 1.8826 23.669
20.5945 11.2615 7.0370 0.2736 2.7915 21.494
20.3613 14.5047 6.3512 0.5528 3.5855 32.685
21.2084 19.0873 5.6462 0.9548 4.2890 35.876
23.4698 17.7540 5.0575 1.5599 4.9849 22.757
5.9362 17.0453 4.4480 2.2916 5.6342 11.969
4.6819 16.5025 3.7394 2.9522 6.1434 33.482
3.4213 16.6704 3.2042 3.7260 6.5380 29.706
22.0000 8.4853 8.4853 0.0000 0.9969 4.518
21.0104 8.7172 8.2710 0.0259 1.9836 9.221
20.0801 9.2912 7.8487 0.0879 2.7598 38.863
20.0810 12.8161 6.7185 0.3507 3.6392 23.392
20.1368 17.9202 6.0414 0.7613 4.5510 0.528
19.1634 18.6385 5.5958 1.1419 5.3891 22.993
19.5662 17.0546 4.9879 1.6100 6.1412 27.644
20.9492 15.9015 4.4018 2.2328 6.8627 17.607
38.2257 15.1431 3.7686 2.8741 7.4695 28.010
3.7888 14.7823 3.1800 3.5253 7.9155 37.886
22.0000 8.4853 8.4853 0.0000 0.8864 27.576
21.3695 10.1777 7.4280 0.1456 1.8189 19.304
20.9130 12.3673 6.7463 0.3641 2.6226 33.600
21.5288 19.3836 5.9667 0.7790 3.4798 17.757
21.7601 19.0331 5.3656 1.2923 4.3119 12.144
21.7781 17.9243 4.7706 1.8723 5.1194 6.159
21.3458 17.0171 4.1611 2.4617 5.8809 15.659
5.1979 16.1300 3.5407 3.0775 6.5436 25.215
